-- finfurl
-- init
Stopped at watchpoint 1 writing 0000 to 0F300000 (PC=80027708)
Stopped at watchpoint 1 writing 00FF to 0F300002 (PC=80027714)
Stopped at watchpoint 1 writing 0000 to 0F300004 (PC=8002771C)
Stopped at watchpoint 1 writing 0000 to 0F300006 (PC=80027724)
Stopped at watchpoint 1 writing 0000 to 0F300008 (PC=8002772C)
Stopped at watchpoint 1 writing 0000 to 0F30000A (PC=80027734)
Stopped at watchpoint 1 writing 0000 to 0F30000E (PC=8002773C)
-- setup
Stopped at watchpoint 1 reading 0000 from 0F30000A (PC=80027FC4)
Stopped at watchpoint 1 writing 0000 to 0F30000E (PC=80027FD8)
Stopped at watchpoint 1 writing 0001 to 0F300006 (PC=80027FE4)
Stopped at watchpoint 1 writing 00F6 to 0F30000A (PC=80027FEC)
Stopped at watchpoint 1 reading 000F from 0F300002 (PC=80027FF4)
Stopped at watchpoint 1 writing 000B to 0F300002 (PC=80028000)
Stopped at watchpoint 1 writing 0000 to 0F300006 (PC=80028008)
-- (sends data)
0000   00 77 00 01 00 00 00 00 00 00 00 00 00 00 00 00
0010   00 00 00 00 00 00 00 00 00 00 00 00 00 00 00 00
0020   00 00 00 01 00 00 00 89 00 10 00 1f 00 43 00 13
0030   00 27 00 43 00 22 00 1c 00 00 00 00 00 00 00 00
0040   00 00 00 00 00 00 00 00 00 00 00 00 00 00 00 00
0050   00 00 00 00 00 00 00 00 00 00 00 00 00 00 00 00
0060   00 00 00 00 00 00 00 00 00 00 00 00 00 00 00 00
0070   00 00 00 00 00 00 00 00 00 00 00 00 00 00 00 00
0080   00 00 00 00 00 00 00 00 00 00 00 00 00 00 00 00
0090   00 00 00 00 00 00 00 00 00 00 00 00 00 00 00 00
00a0   00 00 00 00 00 00 00 00 00 00 00 00 00 00 00 00
00b0   00 00 00 00 00 00 00 00 00 00 00 00 00 00 00 00
00c0   00 00 00 00 00 00 00 00 00 00 00 00 00 00 00 00
00d0   00 00 00 00 00 00 00 00 00 33 00 00 00 00 00 00
00e0   00 00 00 00 00 00 00 00 00 00 00 00 00 00 00 00
00f0   00 00 00 00 00 00 00 00 00 00 00 00 00 00 00 00
0100   00 00 00 00 00 00 00 00 00 00 00 00 00 00 00 00
0110   00 00 00 00 00 00 00 00 00 00 00 00 00 00 00 00
0120   00 00 00 00 00 00 00 00 00 00 00 00 00 00 00 00
0130   00 00 00 00 00 00 00 00 00 00 00 00 00 00 00 00
0140   00 00 00 00 00 00 00 00 00 00 00 00 00 00 00 00
0150   00 00 00 00 00 00 00 00 00 00 00 00 00 00 00 00
0160   00 00 00 00 00 00 00 00 00 00 00 00 00 00 00 00
0170   00 00 00 00 00 00 00 00 00 00 00 00 00 00 00 00
0180   00 00 00 00 00 00 00 00 00 00 00 00 00 00 00 00
0190   00 00 00 00 00 00 00 00 00 00 00 00 00 00 00 00
01a0   00 00 00 00 00 00 00 00 00 00 00 00 00 00 00 00
01b0   00 00 00 00 00 00 00 00 00 00 00 00 00 00 00 00
01c0   00 00 00 00 00 00 00 00 00 00 00 00 00 00 00 00
01d0   00 00 00 00 00 00 00 00 00 00 00 00 00 00 00 00
01e0   00 00 00 00 00 00 00 00 00 00 01 62 00 00 00 00
01f0   00 00 00 00 00 00 00 00 00 00 00 00 00 00 27 f6
--
Stopped at watchpoint 1 reading 0006 from 0F300000 (PC=8002967C)
Stopped at watchpoint 1 reading 0006 from 0F300000 (PC=80029848)



--downhill
- interupt test -
Stopped at watchpoint 1 writing 000F to 06400002 (PC=800B1CF0)
Stopped at watchpoint 1 writing 000F to 06400002 (PC=800B1E4C)
Stopped at watchpoint 1 writing 0000 to 0640000E (PC=800B1FF0)
Stopped at watchpoint 1 writing 0001 to 06400006 (PC=800B1FF8)
Stopped at watchpoint 1 writing 0001 to 0640000A (PC=800B2000)
Stopped at watchpoint 1 writing FFFB to 06400002 (PC=800B200C)
Stopped at watchpoint 1 writing 0000 to 06400006 (PC=800B2014)
Stopped at watchpoint 1 writing 000F to 06400002 (PC=800B1CF0)
Stopped at watchpoint 1 writing 000F to 06400002 (PC=8005D418)




